01 11 20 2b 00 5d
01 11 20 2c 00 5e
01 11 20 35 89 f0
01 11 20 34 9b 01
01 11 20 32 53 b7
01 11 20 33 7e e3
01 11 20 2a 26 82
01 21 11 00 a3 d6
01 11 21 a3 01 d7
01 21 11 00 29 5c
01 11 21 29 07 63
01 21 11 00 35 68
01 11 21 35 89 f1
01 21 11 00 71 a4
01 11 21 71 00 a4
01 21 11 00 a3 d6
01 11 21 a3 01 d7

01 21 11 00 a3 d6
01 11 21 a3 01 d7
01 21 11 00 29 5c
01 11 21 29 07 63
01 21 11 00 35 68
01 11 21 35 88 f0
01 21 11 00 71 a4
01 11 21 71 00 a4
01 21 11 00 a3 d6
01 11 21 a3 01 d7

01 11 20 2b 00 5d
01 11 20 2c 00 5e
01 11 20 35 88 ef
01 11 20 34 9b 01
01 11 20 32 53 b7
01 11 20 33 7a df
01 11 20 2a 26 82

01 21 11 00 a3 d6
01 11 21 a3 01 d7
01 21 11 00 29 5c
01 11 21 29 07 63
01 21 11 00 35 68
01 11 21 35 87 ef
01 21 11 00 71 a4
01 11 21 71 00 a4
01 21 11 00 a3 d6
01 11 21 a3 01 d7
